001011110 0 0 1 0 0.6 0.4 0.6666667 0.3333333 0
001101110 0 0 1 0.6 0 0.4 0.3333333 0.6666667 0
001110011 0 0 1 0.6666667 0.3333333 0 0 0.6 0.4
001110101 0 0 1 0.3333333 0.6666667 0 0.6 0 0.4
001110111 0 0 1 0.5 0.5 0 0.3809524 0.3809524 0.2380952
001111110 0 0 1 0.3809524 0.3809524 0.2380952 0.5 0.5 0
010011101 0 1 0 0 0.4 0.6 0.6666667 0 0.3333333
010101011 0 1 0 0.6666667 0 0.3333333 0 0.4 0.6
010101110 0 1 0 0.3333333 0 0.6666667 0.6 0.4 0
010101111 0 1 0 0.5 0 0.5 0.3809524 0.2380952 0.3809524
010110101 0 1 0 0.6 0.4 0 0.3333333 0 0.6666667
010111101 0 1 0 0.3809524 0.2380952 0.3809524 0.5 0 0.5
011001110 0 0.6 0.4 0 0 1 0.6666667 0.3333333 0
011010101 0 0.4 0.6 0 1 0 0.6666667 0 0.3333333
011100101 0 0.6666667 0.3333333 1 0 0 0.4 0 0.6
011100110 0 0.3333333 0.6666667 1 0 0 0.4 0.6 0
011100111 0 0.5 0.5 1 0 0 0.2380952 0.3809524 0.3809524
011101010 0 0.4 0.6 0.6666667 0 0.3333333 0 1 0
011101100 0 0.6666667 0.3333333 0.4 0 0.6 1 0 0
011110001 0 0.6 0.4 0.6666667 0.3333333 0 0 0 1
011110100 0 0.3333333 0.6666667 0.4 0.6 0 1 0 0
011111100 0 0.5 0.5 0.2380952 0.3809524 0.3809524 1 0 0
100011101 1 0 0 0 0.6666667 0.3333333 0.4 0 0.6
100011110 1 0 0 0 0.3333333 0.6666667 0.4 0.6 0
100011111 1 0 0 0 0.5 0.5 0.2380952 0.3809524 0.3809524
100101011 1 0 0 0.4 0 0.6 0 0.6666667 0.3333333
100110011 1 0 0 0.4 0.6 0 0 0.3333333 0.6666667
100111011 1 0 0 0.2380952 0.3809524 0.3809524 0 0.5 0.5
101001110 0.6 0 0.4 0 0 1 0.3333333 0.6666667 0
101010011 0.6666667 0 0.3333333 0 1 0 0 0.4 0.6
101010111 0.5 0 0.5 0 1 0 0.3809524 0.2380952 0.3809524
101011010 0.6666667 0 0.3333333 0 0.4 0.6 0 1 0
101011100 0.4 0 0.6 0 0.6666667 0.3333333 1 0 0
101100011 0.4 0 0.6 1 0 0 0 0.6666667 0.3333333
101110001 0.6 0 0.4 0.3333333 0.6666667 0 0 0 1
101111010 0.5 0 0.5 0.3809524 0.2380952 0.3809524 0 1 0
110001011 0.6666667 0.3333333 0 0 0 1 0 0.6 0.4
110001101 0.3333333 0.6666667 0 0 0 1 0.6 0 0.4
110001111 0.5 0.5 0 0 0 1 0.3809524 0.3809524 0.2380952
110010101 0.6 0.4 0 0 1 0 0.3333333 0 0.6666667
110011001 0.6666667 0.3333333 0 0 0.6 0.4 0 0 1
110011100 0.4 0.6 0 0 0.3333333 0.6666667 1 0 0
110100011 0.4 0.6 0 1 0 0 0 0.3333333 0.6666667
110101001 0.3333333 0.6666667 0 0.6 0 0.4 0 0 1
110101010 0.6 0.4 0 0.3333333 0 0.6666667 0 1 0
110111001 0.5 0.5 0 0.3809524 0.3809524 0.2380952 0 0 1
111001110 0.3809524 0.3809524 0.2380952 0 0 1 0.5 0.5 0
111010101 0.3809524 0.2380952 0.3809524 0 1 0 0.5 0 0.5
111011100 0.2380952 0.3809524 0.3809524 0 0.5 0.5 1 0 0
111100011 0.2380952 0.3809524 0.3809524 1 0 0 0 0.5 0.5
111101010 0.3809524 0.2380952 0.3809524 0.5 0 0.5 0 1 0
111110001 0.3809524 0.3809524 0.2380952 0.5 0.5 0 0 0 1
000001011 1 0 0 0.3076923 0 0.6923077 0.2105263 0.6315789 0.1578947
000001101 0 1 0 0 0.3076923 0.6923077 0.6315789 0.2105263 0.1578947
000010011 1 0 0 0.3076923 0.6923077 0 0.2105263 0.1578947 0.6315789
000010110 0 0 1 0 0.6923077 0.3076923 0.6315789 0.1578947 0.2105263
000011001 1 0 0 0.2105263 0.6315789 0.1578947 0.3076923 0 0.6923077
000011010 1 0 0 0.2105263 0.1578947 0.6315789 0.3076923 0.6923077 0
000100101 0 1 0 0.6923077 0.3076923 0 0.1578947 0.2105263 0.6315789
000100110 0 0 1 0.6923077 0 0.3076923 0.1578947 0.6315789 0.2105263
000101001 0 1 0 0.6315789 0.2105263 0.1578947 0 0.3076923 0.6923077
000101100 0 1 0 0.1578947 0.2105263 0.6315789 0.6923077 0.3076923 0
000110010 0 0 1 0.6315789 0.1578947 0.2105263 0 0.6923077 0.3076923
000110100 0 0 1 0.1578947 0.6315789 0.2105263 0.6923077 0 0.3076923
001000101 0 0.3076923 0.6923077 0 1 0 0.6315789 0.2105263 0.1578947
001011000 0.3076923 0 0.6923077 0.2105263 0.6315789 0.1578947 1 0 0
001101000 0 0.3076923 0.6923077 0.6315789 0.2105263 0.1578947 0 1 0
010000011 0.3076923 0.6923077 0 1 0 0 0.2105263 0.1578947 0.6315789
010000110 0 0.6923077 0.3076923 0 0 1 0.6315789 0.1578947 0.2105263
010011000 0.3076923 0.6923077 0 0.2105263 0.1578947 0.6315789 1 0 0
011000001 0.2105263 0.6315789 0.1578947 1 0 0 0.3076923 0 0.6923077
011000010 0.2105263 0.1578947 0.6315789 1 0 0 0.3076923 0.6923077 0
011001000 0.2105263 0.6315789 0.1578947 0.3076923 0 0.6923077 1 0 0
011010000 0.2105263 0.1578947 0.6315789 0.3076923 0.6923077 0 1 0 0
100000101 0.6923077 0.3076923 0 0 1 0 0.1578947 0.2105263 0.6315789
100000110 0.6923077 0 0.3076923 0 0 1 0.1578947 0.6315789 0.2105263
100101000 0.6923077 0.3076923 0 0.1578947 0.2105263 0.6315789 0 1 0
100110000 0.6923077 0 0.3076923 0.1578947 0.6315789 0.2105263 0 0 1
101000001 0.6315789 0.2105263 0.1578947 0 1 0 0 0.3076923 0.6923077
101000100 0.1578947 0.2105263 0.6315789 0 1 0 0.6923077 0.3076923 0
101001000 0.6315789 0.2105263 0.1578947 0 0.3076923 0.6923077 0 1 0
101100000 0.1578947 0.2105263 0.6315789 0.6923077 0.3076923 0 0 1 0
110000010 0.6315789 0.1578947 0.2105263 0 0 1 0 0.6923077 0.3076923
110000100 0.1578947 0.6315789 0.2105263 0 0 1 0.6923077 0 0.3076923
110010000 0.6315789 0.1578947 0.2105263 0 0.6923077 0.3076923 0 0 1
110100000 0.1578947 0.6315789 0.2105263 0.6923077 0 0.3076923 0 0 1
