000000000 0.3333333 0.3333333 0.3333333 0.3333333 0.3333333 0.3333333 0.3333333 0.3333333 0.3333333 
000000001 0.5 0.5 0 0.5 0.5 0 0.125 0.125 0.75 
000001000 0.5 0.5 0 0.125 0.125 0.75 0.5 0.5 0 
000001001 0.5 0.5 0 0.2580645 0.2580645 0.483871 0.2580645 0.2580645 0.483871 
001000000 0.125 0.125 0.75 0.5 0.5 0 0.5 0.5 0 
001000001 0.2580645 0.2580645 0.483871 0.5 0.5 0 0.2580645 0.2580645 0.483871 
001001000 0.2580645 0.2580645 0.483871 0.2580645 0.2580645 0.483871 0.5 0.5 0 
001001001 0.3333333 0.3333333 0.3333333 0.3333333 0.3333333 0.3333333 0.3333333 0.3333333 0.3333333 
000000010 0.5 0 0.5 0.5 0 0.5 0.125 0.75 0.125 
000000011 1 0 0 1 0 0 0.03225806 0.483871 0.483871 
000001010 1 0 0 0.1428571 0 0.8571429 0.1428571 0.8571429 0 
000001011 1 0 0 0.220339 0 0.779661 0.0958231 0.7346437 0.1695332 
001000010 0.1428571 0 0.8571429 1 0 0 0.1428571 0.8571429 0 
001000011 0.220339 0 0.779661 1 0 0 0.0958231 0.7346437 0.1695332 
001001010 0.4324324 0 0.5675676 0.4324324 0 0.5675676 0.1923077 0.8076923 0 
001001011 0.4746544 0 0.5253456 0.4746544 0 0.5253456 0.1484733 0.7693618 0.08216485 
000010000 0.5 0 0.5 0.125 0.75 0.125 0.5 0 0.5 
000010001 1 0 0 0.1428571 0.8571429 0 0.1428571 0 0.8571429 
000011000 1 0 0 0.03225806 0.483871 0.483871 1 0 0 
000011001 1 0 0 0.0958231 0.7346437 0.1695332 0.220339 0 0.779661 
001010000 0.1428571 0 0.8571429 0.1428571 0.8571429 0 1 0 0 
001010001 0.4324324 0 0.5675676 0.1923077 0.8076923 0 0.4324324 0 0.5675676 
001011000 0.220339 0 0.779661 0.0958231 0.7346437 0.1695332 1 0 0 
001011001 0.4746544 0 0.5253456 0.1484733 0.7693618 0.08216485 0.4746544 0 0.5253456 
000010010 0.5 0 0.5 0.2580645 0.483871 0.2580645 0.2580645 0.483871 0.2580645 
000010011 1 0 0 0.220339 0.779661 0 0.0958231 0.1695332 0.7346437 
000011010 1 0 0 0.0958231 0.1695332 0.7346437 0.220339 0.779661 0 
000011011 1 0 0 0.1428571 0.4285714 0.4285714 0.1428571 0.4285714 0.4285714 
001010010 0.1923077 0 0.8076923 0.4324324 0.5675676 0 0.4324324 0.5675676 0 
001010011 0.3333333 0 0.6666667 0.3333333 0.6666667 0 0.3333333 0.3333333 0.3333333 
001011010 0.3333333 0 0.6666667 0.3333333 0.3333333 0.3333333 0.3333333 0.6666667 0 
001011011 0.4107143 0 0.5892857 0.2969658 0.4899935 0.2130407 0.2969658 0.4899935 0.2130407 
010000000 0.125 0.75 0.125 0.5 0 0.5 0.5 0 0.5 
010000001 0.1428571 0.8571429 0 1 0 0 0.1428571 0 0.8571429 
010001000 0.1428571 0.8571429 0 0.1428571 0 0.8571429 1 0 0 
010001001 0.1923077 0.8076923 0 0.4324324 0 0.5675676 0.4324324 0 0.5675676 
011000000 0.03225806 0.483871 0.483871 1 0 0 1 0 0 
011000001 0.0958231 0.7346437 0.1695332 1 0 0 0.220339 0 0.779661 
011001000 0.0958231 0.7346437 0.1695332 0.220339 0 0.779661 1 0 0 
011001001 0.1484733 0.7693618 0.08216485 0.4746544 0 0.5253456 0.4746544 0 0.5253456 
010000010 0.2580645 0.483871 0.2580645 0.5 0 0.5 0.2580645 0.483871 0.2580645 
010000011 0.220339 0.779661 0 1 0 0 0.0958231 0.1695332 0.7346437 
010001010 0.4324324 0.5675676 0 0.1923077 0 0.8076923 0.4324324 0.5675676 0 
010001011 0.3333333 0.6666667 0 0.3333333 0 0.6666667 0.3333333 0.3333333 0.3333333 
011000010 0.0958231 0.1695332 0.7346437 1 0 0 0.220339 0.779661 0 
011000011 0.1428571 0.4285714 0.4285714 1 0 0 0.1428571 0.4285714 0.4285714 
011001010 0.3333333 0.3333333 0.3333333 0.3333333 0 0.6666667 0.3333333 0.6666667 0 
011001011 0.2969658 0.4899935 0.2130407 0.4107143 0 0.5892857 0.2969658 0.4899935 0.2130407 
010010000 0.2580645 0.483871 0.2580645 0.2580645 0.483871 0.2580645 0.5 0 0.5 
010010001 0.4324324 0.5675676 0 0.4324324 0.5675676 0 0.1923077 0 0.8076923 
010011000 0.220339 0.779661 0 0.0958231 0.1695332 0.7346437 1 0 0 
010011001 0.3333333 0.6666667 0 0.3333333 0.3333333 0.3333333 0.3333333 0 0.6666667 
011010000 0.0958231 0.1695332 0.7346437 0.220339 0.779661 0 1 0 0 
011010001 0.3333333 0.3333333 0.3333333 0.3333333 0.6666667 0 0.3333333 0 0.6666667 
011011000 0.1428571 0.4285714 0.4285714 0.1428571 0.4285714 0.4285714 1 0 0 
011011001 0.2969658 0.4899935 0.2130407 0.2969658 0.4899935 0.2130407 0.4107143 0 0.5892857 
010010010 0.3333333 0.3333333 0.3333333 0.3333333 0.3333333 0.3333333 0.3333333 0.3333333 0.3333333 
010010011 0.4746544 0.5253456 0 0.4746544 0.5253456 0 0.1484733 0.08216485 0.7693618 
010011010 0.4746544 0.5253456 0 0.1484733 0.08216485 0.7693618 0.4746544 0.5253456 0 
010011011 0.4107143 0.5892857 0 0.2969658 0.2130407 0.4899935 0.2969658 0.2130407 0.4899935 
011010010 0.1484733 0.08216485 0.7693618 0.4746544 0.5253456 0 0.4746544 0.5253456 0 
011010011 0.2969658 0.2130407 0.4899935 0.4107143 0.5892857 0 0.2969658 0.2130407 0.4899935 
011011010 0.2969658 0.2130407 0.4899935 0.2969658 0.2130407 0.4899935 0.4107143 0.5892857 0 
011011011 0.3333333 0.3333333 0.3333333 0.3333333 0.3333333 0.3333333 0.3333333 0.3333333 0.3333333 
000000100 0 0.5 0.5 0 0.5 0.5 0.75 0.125 0.125 
000000101 0 1 0 0 1 0 0.483871 0.03225806 0.483871 
000001100 0 1 0 0 0.1428571 0.8571429 0.8571429 0.1428571 0 
000001101 0 1 0 0 0.220339 0.779661 0.7346437 0.0958231 0.1695332 
001000100 0 0.1428571 0.8571429 0 1 0 0.8571429 0.1428571 0 
001000101 0 0.220339 0.779661 0 1 0 0.7346437 0.0958231 0.1695332 
001001100 0 0.4324324 0.5675676 0 0.4324324 0.5675676 0.8076923 0.1923077 0 
001001101 0 0.4746544 0.5253456 0 0.4746544 0.5253456 0.7693618 0.1484733 0.08216485 
000000110 0 0 1 0 0 1 0.483871 0.483871 0.03225806 
000000111 0 0 0 0 0 0 0.3333333 0.3333333 0.3333333 
000001110 0 0 0 0 0 1 0.5 0.5 0 
000001111 0 0 0 0 0 1 0.4761905 0.4761905 0.04761905 
001000110 0 0 1 0 0 0 0.5 0.5 0 
001000111 0 0 1 0 0 0 0.4761905 0.4761905 0.04761905 
001001110 0 0 1 0 0 1 0.5 0.5 0 
001001111 0 0 1 0 0 1 0.4920635 0.4920635 0.01587302 
000010100 0 0 1 0 0.8571429 0.1428571 0.8571429 0 0.1428571 
000010101 0 0 0 0 1 0 0.5 0 0.5 
000011100 0 0 0 0 0.5 0.5 1 0 0 
000011101 0 0 0 0 0.6666667 0.3333333 0.6666667 0 0.3333333 
001010100 0 0 1 0 1 0 1 0 0 
001010101 0 0 1 0 1 0 0.8333333 0 0.1666667 
001011100 0 0 1 0 0.8333333 0.1666667 1 0 0 
001011101 0 0 1 0 0.875 0.125 0.875 0 0.125 
000010110 0 0 1 0 0.779661 0.220339 0.7346437 0.1695332 0.0958231 
000010111 0 0 0 0 1 0 0.4761905 0.04761905 0.4761905 
000011110 0 0 0 0 0.3333333 0.6666667 0.6666667 0.3333333 0 
000011111 0 0 0 0 0.5 0.5 0.6190476 0.1904762 0.1904762 
001010110 0 0 1 0 1 0 0.8333333 0.1666667 0 
001010111 0 0 1 0 1 0 0.7777778 0.1111111 0.1111111 
001011110 0 0 1 0 0.6923077 0.3076923 0.7368421 0.2631579 0 
001011111 0 0 1 0 0.7695585 0.2304415 0.7410531 0.1992748 0.05967212 
010000100 0 0.8571429 0.1428571 0 0 1 0.8571429 0 0.1428571 
010000101 0 1 0 0 0 0 0.5 0 0.5 
010001100 0 1 0 0 0 1 1 0 0 
010001101 0 1 0 0 0 1 0.8333333 0 0.1666667 
011000100 0 0.5 0.5 0 0 0 1 0 0 
011000101 0 0.6666667 0.3333333 0 0 0 0.6666667 0 0.3333333 
011001100 0 0.8333333 0.1666667 0 0 1 1 0 0 
011001101 0 0.875 0.125 0 0 1 0.875 0 0.125 
010000110 0 0.779661 0.220339 0 0 1 0.7346437 0.1695332 0.0958231 
010000111 0 1 0 0 0 0 0.4761905 0.04761905 0.4761905 
010001110 0 1 0 0 0 1 0.8333333 0.1666667 0 
010001111 0 1 0 0 0 1 0.7777778 0.1111111 0.1111111 
011000110 0 0.3333333 0.6666667 0 0 0 0.6666667 0.3333333 0 
011000111 0 0.5 0.5 0 0 0 0.6190476 0.1904762 0.1904762 
011001110 0 0.6923077 0.3076923 0 0 1 0.7368421 0.2631579 0 
011001111 0 0.7695585 0.2304415 0 0 1 0.7410531 0.1992748 0.05967212 
010010100 0 0.5675676 0.4324324 0 0.5675676 0.4324324 0.8076923 0 0.1923077 
010010101 0 1 0 0 1 0 0.5 0 0.5 
010011100 0 1 0 0 0.1666667 0.8333333 1 0 0 
010011101 0 1 0 0 0.3076923 0.6923077 0.7368421 0 0.2631579 
011010100 0 0.1666667 0.8333333 0 1 0 1 0 0 
011010101 0 0.3076923 0.6923077 0 1 0 0.7368421 0 0.2631579 
011011100 0 0.5 0.5 0 0.5 0.5 1 0 0 
011011101 0 0.5675676 0.4324324 0 0.5675676 0.4324324 0.8076923 0 0.1923077 
010010110 0 0.5253456 0.4746544 0 0.5253456 0.4746544 0.7693618 0.08216485 0.1484733 
010010111 0 1 0 0 1 0 0.4920635 0.01587302 0.4920635 
010011110 0 1 0 0 0.125 0.875 0.875 0.125 0 
010011111 0 1 0 0 0.2304415 0.7695585 0.7410531 0.05967212 0.1992748 
011010110 0 0.125 0.875 0 1 0 0.875 0.125 0 
011010111 0 0.2304415 0.7695585 0 1 0 0.7410531 0.05967212 0.1992748 
011011110 0 0.4324324 0.5675676 0 0.4324324 0.5675676 0.8076923 0.1923077 0 
011011111 0 0.5 0.5 0 0.5 0.5 0.7777778 0.1111111 0.1111111 
000100000 0 0.5 0.5 0.75 0.125 0.125 0 0.5 0.5 
000100001 0 1 0 0.8571429 0.1428571 0 0 0.1428571 0.8571429 
000101000 0 1 0 0.483871 0.03225806 0.483871 0 1 0 
000101001 0 1 0 0.7346437 0.0958231 0.1695332 0 0.220339 0.779661 
001100000 0 0.1428571 0.8571429 0.8571429 0.1428571 0 0 1 0 
001100001 0 0.4324324 0.5675676 0.8076923 0.1923077 0 0 0.4324324 0.5675676 
001101000 0 0.220339 0.779661 0.7346437 0.0958231 0.1695332 0 1 0 
001101001 0 0.4746544 0.5253456 0.7693618 0.1484733 0.08216485 0 0.4746544 0.5253456 
000100010 0 0 1 0.8571429 0 0.1428571 0 0.8571429 0.1428571 
000100011 0 0 0 1 0 0 0 0.5 0.5 
000101010 0 0 0 0.5 0 0.5 0 1 0 
000101011 0 0 0 0.6666667 0 0.3333333 0 0.6666667 0.3333333 
001100010 0 0 1 1 0 0 0 1 0 
001100011 0 0 1 1 0 0 0 0.8333333 0.1666667 
001101010 0 0 1 0.8333333 0 0.1666667 0 1 0 
001101011 0 0 1 0.875 0 0.125 0 0.875 0.125 
000110000 0 0 1 0.483871 0.483871 0.03225806 0 0 1 
000110001 0 0 0 0.5 0.5 0 0 0 1 
000111000 0 0 0 0.3333333 0.3333333 0.3333333 0 0 0 
000111001 0 0 0 0.4761905 0.4761905 0.04761905 0 0 1 
001110000 0 0 1 0.5 0.5 0 0 0 0 
001110001 0 0 1 0.5 0.5 0 0 0 1 
001111000 0 0 1 0.4761905 0.4761905 0.04761905 0 0 0 
001111001 0 0 1 0.4920635 0.4920635 0.01587302 0 0 1 
000110010 0 0 1 0.7346437 0.1695332 0.0958231 0 0.779661 0.220339 
000110011 0 0 0 0.6666667 0.3333333 0 0 0.3333333 0.6666667 
000111010 0 0 0 0.4761905 0.04761905 0.4761905 0 1 0 
000111011 0 0 0 0.6190476 0.1904762 0.1904762 0 0.5 0.5 
001110010 0 0 1 0.8333333 0.1666667 0 0 1 0 
001110011 0 0 1 0.7368421 0.2631579 0 0 0.6923077 0.3076923 
001111010 0 0 1 0.7777778 0.1111111 0.1111111 0 1 0 
001111011 0 0 1 0.7410531 0.1992748 0.05967212 0 0.7695585 0.2304415 
010100000 0 0.8571429 0.1428571 0.8571429 0 0.1428571 0 0 1 
010100001 0 1 0 1 0 0 0 0 1 
010101000 0 1 0 0.5 0 0.5 0 0 0 
010101001 0 1 0 0.8333333 0 0.1666667 0 0 1 
011100000 0 0.5 0.5 1 0 0 0 0 0 
011100001 0 0.8333333 0.1666667 1 0 0 0 0 1 
011101000 0 0.6666667 0.3333333 0.6666667 0 0.3333333 0 0 0 
011101001 0 0.875 0.125 0.875 0 0.125 0 0 1 
010100010 0 0.5675676 0.4324324 0.8076923 0 0.1923077 0 0.5675676 0.4324324 
010100011 0 1 0 1 0 0 0 0.1666667 0.8333333 
010101010 0 1 0 0.5 0 0.5 0 1 0 
010101011 0 1 0 0.7368421 0 0.2631579 0 0.3076923 0.6923077 
011100010 0 0.1666667 0.8333333 1 0 0 0 1 0 
011100011 0 0.5 0.5 1 0 0 0 0.5 0.5 
011101010 0 0.3076923 0.6923077 0.7368421 0 0.2631579 0 1 0 
011101011 0 0.5675676 0.4324324 0.8076923 0 0.1923077 0 0.5675676 0.4324324 
010110000 0 0.779661 0.220339 0.7346437 0.1695332 0.0958231 0 0 1 
010110001 0 1 0 0.8333333 0.1666667 0 0 0 1 
010111000 0 1 0 0.4761905 0.04761905 0.4761905 0 0 0 
010111001 0 1 0 0.7777778 0.1111111 0.1111111 0 0 1 
011110000 0 0.3333333 0.6666667 0.6666667 0.3333333 0 0 0 0 
011110001 0 0.6923077 0.3076923 0.7368421 0.2631579 0 0 0 1 
011111000 0 0.5 0.5 0.6190476 0.1904762 0.1904762 0 0 0 
011111001 0 0.7695585 0.2304415 0.7410531 0.1992748 0.05967212 0 0 1 
010110010 0 0.5253456 0.4746544 0.7693618 0.08216485 0.1484733 0 0.5253456 0.4746544 
010110011 0 1 0 0.875 0.125 0 0 0.125 0.875 
010111010 0 1 0 0.4920635 0.01587302 0.4920635 0 1 0 
010111011 0 1 0 0.7410531 0.05967212 0.1992748 0 0.2304415 0.7695585 
011110010 0 0.125 0.875 0.875 0.125 0 0 1 0 
011110011 0 0.4324324 0.5675676 0.8076923 0.1923077 0 0 0.4324324 0.5675676 
011111010 0 0.2304415 0.7695585 0.7410531 0.05967212 0.1992748 0 1 0 
011111011 0 0.5 0.5 0.7777778 0.1111111 0.1111111 0 0.5 0.5 
000100100 0 0.5 0.5 0.483871 0.2580645 0.2580645 0.483871 0.2580645 0.2580645 
000100101 0 1 0 0.779661 0.220339 0 0.1695332 0.0958231 0.7346437 
000101100 0 1 0 0.1695332 0.0958231 0.7346437 0.779661 0.220339 0 
000101101 0 1 0 0.4285714 0.1428571 0.4285714 0.4285714 0.1428571 0.4285714 
001100100 0 0.1923077 0.8076923 0.5675676 0.4324324 0 0.5675676 0.4324324 0 
001100101 0 0.3333333 0.6666667 0.6666667 0.3333333 0 0.3333333 0.3333333 0.3333333 
001101100 0 0.3333333 0.6666667 0.3333333 0.3333333 0.3333333 0.6666667 0.3333333 0 
001101101 0 0.4107143 0.5892857 0.4899935 0.2969658 0.2130407 0.4899935 0.2969658 0.2130407 
000100110 0 0 1 0.779661 0 0.220339 0.1695332 0.7346437 0.0958231 
000100111 0 0 0 1 0 0 0.04761905 0.4761905 0.4761905 
000101110 0 0 0 0.3333333 0 0.6666667 0.3333333 0.6666667 0 
000101111 0 0 0 0.5 0 0.5 0.1904762 0.6190476 0.1904762 
001100110 0 0 1 1 0 0 0.1666667 0.8333333 0 
001100111 0 0 1 1 0 0 0.1111111 0.7777778 0.1111111 
001101110 0 0 1 0.6923077 0 0.3076923 0.2631579 0.7368421 0 
001101111 0 0 1 0.7695585 0 0.2304415 0.1992748 0.7410531 0.05967212 
000110100 0 0 1 0.1695332 0.7346437 0.0958231 0.779661 0 0.220339 
000110101 0 0 0 0.3333333 0.6666667 0 0.3333333 0 0.6666667 
000111100 0 0 0 0.04761905 0.4761905 0.4761905 1 0 0 
000111101 0 0 0 0.1904762 0.6190476 0.1904762 0.5 0 0.5 
001110100 0 0 1 0.1666667 0.8333333 0 1 0 0 
001110101 0 0 1 0.2631579 0.7368421 0 0.6923077 0 0.3076923 
001111100 0 0 1 0.1111111 0.7777778 0.1111111 1 0 0 
001111101 0 0 1 0.1992748 0.7410531 0.05967212 0.7695585 0 0.2304415 
000110110 0 0 1 0.4285714 0.4285714 0.1428571 0.4285714 0.4285714 0.1428571 
000110111 0 0 0 0.5 0.5 0 0.1904762 0.1904762 0.6190476 
000111110 0 0 0 0.1904762 0.1904762 0.6190476 0.5 0.5 0 
000111111 0 0 0 0.3333333 0.3333333 0.3333333 0.3333333 0.3333333 0.3333333 
001110110 0 0 1 0.5 0.5 0 0.5 0.5 0 
001110111 0 0 1 0.5 0.5 0 0.4090462 0.4090462 0.1819076 
001111110 0 0 1 0.4090462 0.4090462 0.1819076 0.5 0.5 0 
001111111 0 0 1 0.4444444 0.4444444 0.1111111 0.4444444 0.4444444 0.1111111 
010100100 0 0.8076923 0.1923077 0.5675676 0 0.4324324 0.5675676 0 0.4324324 
010100101 0 1 0 1 0 0 0.1666667 0 0.8333333 
010101100 0 1 0 0.1666667 0 0.8333333 1 0 0 
010101101 0 1 0 0.5 0 0.5 0.5 0 0.5 
011100100 0 0.5 0.5 1 0 0 1 0 0 
011100101 0 0.7368421 0.2631579 1 0 0 0.3076923 0 0.6923077 
011101100 0 0.7368421 0.2631579 0.3076923 0 0.6923077 1 0 0 
011101101 0 0.8076923 0.1923077 0.5675676 0 0.4324324 0.5675676 0 0.4324324 
010100110 0 0.6666667 0.3333333 0.6666667 0 0.3333333 0.3333333 0.3333333 0.3333333 
010100111 0 1 0 1 0 0 0.1111111 0.1111111 0.7777778 
010101110 0 1 0 0.2631579 0 0.7368421 0.6923077 0.3076923 0 
010101111 0 1 0 0.5 0 0.5 0.4090462 0.1819076 0.4090462 
011100110 0 0.2631579 0.7368421 1 0 0 0.3076923 0.6923077 0 
011100111 0 0.5 0.5 1 0 0 0.1819076 0.4090462 0.4090462 
011101110 0 0.5 0.5 0.5 0 0.5 0.5 0.5 0 
011101111 0 0.6179775 0.3820225 0.6179775 0 0.3820225 0.3819444 0.3819444 0.2361111 
010110100 0 0.6666667 0.3333333 0.3333333 0.3333333 0.3333333 0.6666667 0 0.3333333 
010110101 0 1 0 0.6923077 0.3076923 0 0.2631579 0 0.7368421 
010111100 0 1 0 0.1111111 0.1111111 0.7777778 1 0 0 
010111101 0 1 0 0.4090462 0.1819076 0.4090462 0.5 0 0.5 
011110100 0 0.2631579 0.7368421 0.3076923 0.6923077 0 1 0 0 
011110101 0 0.5 0.5 0.5 0.5 0 0.5 0 0.5 
011111100 0 0.5 0.5 0.1819076 0.4090462 0.4090462 1 0 0 
011111101 0 0.6179775 0.3820225 0.3819444 0.3819444 0.2361111 0.6179775 0 0.3820225 
010110110 0 0.5892857 0.4107143 0.4899935 0.2130407 0.2969658 0.4899935 0.2130407 0.2969658 
010110111 0 1 0 0.7695585 0.2304415 0 0.1992748 0.05967212 0.7410531 
010111110 0 1 0 0.1992748 0.05967212 0.7410531 0.7695585 0.2304415 0 
010111111 0 1 0 0.4444444 0.1111111 0.4444444 0.4444444 0.1111111 0.4444444 
011110110 0 0.1923077 0.8076923 0.5675676 0.4324324 0 0.5675676 0.4324324 0 
011110111 0 0.3820225 0.6179775 0.6179775 0.3820225 0 0.3819444 0.2361111 0.3819444 
011111110 0 0.3820225 0.6179775 0.3819444 0.2361111 0.3819444 0.6179775 0.3820225 0 
011111111 0 0.5 0.5 0.4920635 0.2539683 0.2539683 0.4920635 0.2539683 0.2539683 
100000000 0.75 0.125 0.125 0 0.5 0.5 0 0.5 0.5 
100000001 0.8571429 0.1428571 0 0 1 0 0 0.1428571 0.8571429 
100001000 0.8571429 0.1428571 0 0 0.1428571 0.8571429 0 1 0 
100001001 0.8076923 0.1923077 0 0 0.4324324 0.5675676 0 0.4324324 0.5675676 
101000000 0.483871 0.03225806 0.483871 0 1 0 0 1 0 
101000001 0.7346437 0.0958231 0.1695332 0 1 0 0 0.220339 0.779661 
101001000 0.7346437 0.0958231 0.1695332 0 0.220339 0.779661 0 1 0 
101001001 0.7693618 0.1484733 0.08216485 0 0.4746544 0.5253456 0 0.4746544 0.5253456 
100000010 0.8571429 0 0.1428571 0 0 1 0 0.8571429 0.1428571 
100000011 1 0 0 0 0 0 0 0.5 0.5 
100001010 1 0 0 0 0 1 0 1 0 
100001011 1 0 0 0 0 1 0 0.8333333 0.1666667 
101000010 0.5 0 0.5 0 0 0 0 1 0 
101000011 0.6666667 0 0.3333333 0 0 0 0 0.6666667 0.3333333 
101001010 0.8333333 0 0.1666667 0 0 1 0 1 0 
101001011 0.875 0 0.125 0 0 1 0 0.875 0.125 
100010000 0.8571429 0 0.1428571 0 0.8571429 0.1428571 0 0 1 
100010001 1 0 0 0 1 0 0 0 1 
100011000 1 0 0 0 0.5 0.5 0 0 0 
100011001 1 0 0 0 0.8333333 0.1666667 0 0 1 
101010000 0.5 0 0.5 0 1 0 0 0 0 
101010001 0.8333333 0 0.1666667 0 1 0 0 0 1 
101011000 0.6666667 0 0.3333333 0 0.6666667 0.3333333 0 0 0 
101011001 0.875 0 0.125 0 0.875 0.125 0 0 1 
100010010 0.8076923 0 0.1923077 0 0.5675676 0.4324324 0 0.5675676 0.4324324 
100010011 1 0 0 0 1 0 0 0.1666667 0.8333333 
100011010 1 0 0 0 0.1666667 0.8333333 0 1 0 
100011011 1 0 0 0 0.5 0.5 0 0.5 0.5 
101010010 0.5 0 0.5 0 1 0 0 1 0 
101010011 0.7368421 0 0.2631579 0 1 0 0 0.3076923 0.6923077 
101011010 0.7368421 0 0.2631579 0 0.3076923 0.6923077 0 1 0 
101011011 0.8076923 0 0.1923077 0 0.5675676 0.4324324 0 0.5675676 0.4324324 
110000000 0.483871 0.483871 0.03225806 0 0 1 0 0 1 
110000001 0.5 0.5 0 0 0 0 0 0 1 
110001000 0.5 0.5 0 0 0 1 0 0 0 
110001001 0.5 0.5 0 0 0 1 0 0 1 
111000000 0.3333333 0.3333333 0.3333333 0 0 0 0 0 0 
111000001 0.4761905 0.4761905 0.04761905 0 0 0 0 0 1 
111001000 0.4761905 0.4761905 0.04761905 0 0 1 0 0 0 
111001001 0.4920635 0.4920635 0.01587302 0 0 1 0 0 1 
110000010 0.7346437 0.1695332 0.0958231 0 0 1 0 0.779661 0.220339 
110000011 0.6666667 0.3333333 0 0 0 0 0 0.3333333 0.6666667 
110001010 0.8333333 0.1666667 0 0 0 1 0 1 0 
110001011 0.7368421 0.2631579 0 0 0 1 0 0.6923077 0.3076923 
111000010 0.4761905 0.04761905 0.4761905 0 0 0 0 1 0 
111000011 0.6190476 0.1904762 0.1904762 0 0 0 0 0.5 0.5 
111001010 0.7777778 0.1111111 0.1111111 0 0 1 0 1 0 
111001011 0.7410531 0.1992748 0.05967212 0 0 1 0 0.7695585 0.2304415 
110010000 0.7346437 0.1695332 0.0958231 0 0.779661 0.220339 0 0 1 
110010001 0.8333333 0.1666667 0 0 1 0 0 0 1 
110011000 0.6666667 0.3333333 0 0 0.3333333 0.6666667 0 0 0 
110011001 0.7368421 0.2631579 0 0 0.6923077 0.3076923 0 0 1 
111010000 0.4761905 0.04761905 0.4761905 0 1 0 0 0 0 
111010001 0.7777778 0.1111111 0.1111111 0 1 0 0 0 1 
111011000 0.6190476 0.1904762 0.1904762 0 0.5 0.5 0 0 0 
111011001 0.7410531 0.1992748 0.05967212 0 0.7695585 0.2304415 0 0 1 
110010010 0.7693618 0.08216485 0.1484733 0 0.5253456 0.4746544 0 0.5253456 0.4746544 
110010011 0.875 0.125 0 0 1 0 0 0.125 0.875 
110011010 0.875 0.125 0 0 0.125 0.875 0 1 0 
110011011 0.8076923 0.1923077 0 0 0.4324324 0.5675676 0 0.4324324 0.5675676 
111010010 0.4920635 0.01587302 0.4920635 0 1 0 0 1 0 
111010011 0.7410531 0.05967212 0.1992748 0 1 0 0 0.2304415 0.7695585 
111011010 0.7410531 0.05967212 0.1992748 0 0.2304415 0.7695585 0 1 0 
111011011 0.7777778 0.1111111 0.1111111 0 0.5 0.5 0 0.5 0.5 
100000100 0.483871 0.2580645 0.2580645 0 0.5 0.5 0.483871 0.2580645 0.2580645 
100000101 0.779661 0.220339 0 0 1 0 0.1695332 0.0958231 0.7346437 
100001100 0.5675676 0.4324324 0 0 0.1923077 0.8076923 0.5675676 0.4324324 0 
100001101 0.6666667 0.3333333 0 0 0.3333333 0.6666667 0.3333333 0.3333333 0.3333333 
101000100 0.1695332 0.0958231 0.7346437 0 1 0 0.779661 0.220339 0 
101000101 0.4285714 0.1428571 0.4285714 0 1 0 0.4285714 0.1428571 0.4285714 
101001100 0.3333333 0.3333333 0.3333333 0 0.3333333 0.6666667 0.6666667 0.3333333 0 
101001101 0.4899935 0.2969658 0.2130407 0 0.4107143 0.5892857 0.4899935 0.2969658 0.2130407 
100000110 0.779661 0 0.220339 0 0 1 0.1695332 0.7346437 0.0958231 
100000111 1 0 0 0 0 0 0.04761905 0.4761905 0.4761905 
100001110 1 0 0 0 0 1 0.1666667 0.8333333 0 
100001111 1 0 0 0 0 1 0.1111111 0.7777778 0.1111111 
101000110 0.3333333 0 0.6666667 0 0 0 0.3333333 0.6666667 0 
101000111 0.5 0 0.5 0 0 0 0.1904762 0.6190476 0.1904762 
101001110 0.6923077 0 0.3076923 0 0 1 0.2631579 0.7368421 0 
101001111 0.7695585 0 0.2304415 0 0 1 0.1992748 0.7410531 0.05967212 
100010100 0.5675676 0 0.4324324 0 0.8076923 0.1923077 0.5675676 0 0.4324324 
100010101 1 0 0 0 1 0 0.1666667 0 0.8333333 
100011100 1 0 0 0 0.5 0.5 1 0 0 
100011101 1 0 0 0 0.7368421 0.2631579 0.3076923 0 0.6923077 
101010100 0.1666667 0 0.8333333 0 1 0 1 0 0 
101010101 0.5 0 0.5 0 1 0 0.5 0 0.5 
101011100 0.3076923 0 0.6923077 0 0.7368421 0.2631579 1 0 0 
101011101 0.5675676 0 0.4324324 0 0.8076923 0.1923077 0.5675676 0 0.4324324 
100010110 0.6666667 0 0.3333333 0 0.6666667 0.3333333 0.3333333 0.3333333 0.3333333 
100010111 1 0 0 0 1 0 0.1111111 0.1111111 0.7777778 
100011110 1 0 0 0 0.2631579 0.7368421 0.3076923 0.6923077 0 
100011111 1 0 0 0 0.5 0.5 0.1819076 0.4090462 0.4090462 
101010110 0.2631579 0 0.7368421 0 1 0 0.6923077 0.3076923 0 
101010111 0.5 0 0.5 0 1 0 0.4090462 0.1819076 0.4090462 
101011110 0.5 0 0.5 0 0.5 0.5 0.5 0.5 0 
101011111 0.6179775 0 0.3820225 0 0.6179775 0.3820225 0.3819444 0.3819444 0.2361111 
110000100 0.1695332 0.7346437 0.0958231 0 0 1 0.779661 0 0.220339 
110000101 0.3333333 0.6666667 0 0 0 0 0.3333333 0 0.6666667 
110001100 0.1666667 0.8333333 0 0 0 1 1 0 0 
110001101 0.2631579 0.7368421 0 0 0 1 0.6923077 0 0.3076923 
111000100 0.04761905 0.4761905 0.4761905 0 0 0 1 0 0 
111000101 0.1904762 0.6190476 0.1904762 0 0 0 0.5 0 0.5 
111001100 0.1111111 0.7777778 0.1111111 0 0 1 1 0 0 
111001101 0.1992748 0.7410531 0.05967212 0 0 1 0.7695585 0 0.2304415 
110000110 0.4285714 0.4285714 0.1428571 0 0 1 0.4285714 0.4285714 0.1428571 
110000111 0.5 0.5 0 0 0 0 0.1904762 0.1904762 0.6190476 
110001110 0.5 0.5 0 0 0 1 0.5 0.5 0 
110001111 0.5 0.5 0 0 0 1 0.4090462 0.4090462 0.1819076 
111000110 0.1904762 0.1904762 0.6190476 0 0 0 0.5 0.5 0 
111000111 0.3333333 0.3333333 0.3333333 0 0 0 0.3333333 0.3333333 0.3333333 
111001110 0.4090462 0.4090462 0.1819076 0 0 1 0.5 0.5 0 
111001111 0.4444444 0.4444444 0.1111111 0 0 1 0.4444444 0.4444444 0.1111111 
110010100 0.3333333 0.3333333 0.3333333 0 0.6666667 0.3333333 0.6666667 0 0.3333333 
110010101 0.6923077 0.3076923 0 0 1 0 0.2631579 0 0.7368421 
110011100 0.3076923 0.6923077 0 0 0.2631579 0.7368421 1 0 0 
110011101 0.5 0.5 0 0 0.5 0.5 0.5 0 0.5 
111010100 0.1111111 0.1111111 0.7777778 0 1 0 1 0 0 
111010101 0.4090462 0.1819076 0.4090462 0 1 0 0.5 0 0.5 
111011100 0.1819076 0.4090462 0.4090462 0 0.5 0.5 1 0 0 
111011101 0.3819444 0.3819444 0.2361111 0 0.6179775 0.3820225 0.6179775 0 0.3820225 
110010110 0.4899935 0.2130407 0.2969658 0 0.5892857 0.4107143 0.4899935 0.2130407 0.2969658 
110010111 0.7695585 0.2304415 0 0 1 0 0.1992748 0.05967212 0.7410531 
110011110 0.5675676 0.4324324 0 0 0.1923077 0.8076923 0.5675676 0.4324324 0 
110011111 0.6179775 0.3820225 0 0 0.3820225 0.6179775 0.3819444 0.2361111 0.3819444 
111010110 0.1992748 0.05967212 0.7410531 0 1 0 0.7695585 0.2304415 0 
111010111 0.4444444 0.1111111 0.4444444 0 1 0 0.4444444 0.1111111 0.4444444 
111011110 0.3819444 0.2361111 0.3819444 0 0.3820225 0.6179775 0.6179775 0.3820225 0 
111011111 0.4920635 0.2539683 0.2539683 0 0.5 0.5 0.4920635 0.2539683 0.2539683 
100100000 0.483871 0.2580645 0.2580645 0.483871 0.2580645 0.2580645 0 0.5 0.5 
100100001 0.5675676 0.4324324 0 0.5675676 0.4324324 0 0 0.1923077 0.8076923 
100101000 0.779661 0.220339 0 0.1695332 0.0958231 0.7346437 0 1 0 
100101001 0.6666667 0.3333333 0 0.3333333 0.3333333 0.3333333 0 0.3333333 0.6666667 
101100000 0.1695332 0.0958231 0.7346437 0.779661 0.220339 0 0 1 0 
101100001 0.3333333 0.3333333 0.3333333 0.6666667 0.3333333 0 0 0.3333333 0.6666667 
101101000 0.4285714 0.1428571 0.4285714 0.4285714 0.1428571 0.4285714 0 1 0 
101101001 0.4899935 0.2969658 0.2130407 0.4899935 0.2969658 0.2130407 0 0.4107143 0.5892857 
100100010 0.5675676 0 0.4324324 0.5675676 0 0.4324324 0 0.8076923 0.1923077 
100100011 1 0 0 1 0 0 0 0.5 0.5 
100101010 1 0 0 0.1666667 0 0.8333333 0 1 0 
100101011 1 0 0 0.3076923 0 0.6923077 0 0.7368421 0.2631579 
101100010 0.1666667 0 0.8333333 1 0 0 0 1 0 
101100011 0.3076923 0 0.6923077 1 0 0 0 0.7368421 0.2631579 
101101010 0.5 0 0.5 0.5 0 0.5 0 1 0 
101101011 0.5675676 0 0.4324324 0.5675676 0 0.4324324 0 0.8076923 0.1923077 
100110000 0.779661 0 0.220339 0.1695332 0.7346437 0.0958231 0 0 1 
100110001 1 0 0 0.1666667 0.8333333 0 0 0 1 
100111000 1 0 0 0.04761905 0.4761905 0.4761905 0 0 0 
100111001 1 0 0 0.1111111 0.7777778 0.1111111 0 0 1 
101110000 0.3333333 0 0.6666667 0.3333333 0.6666667 0 0 0 0 
101110001 0.6923077 0 0.3076923 0.2631579 0.7368421 0 0 0 1 
101111000 0.5 0 0.5 0.1904762 0.6190476 0.1904762 0 0 0 
101111001 0.7695585 0 0.2304415 0.1992748 0.7410531 0.05967212 0 0 1 
100110010 0.6666667 0 0.3333333 0.3333333 0.3333333 0.3333333 0 0.6666667 0.3333333 
100110011 1 0 0 0.3076923 0.6923077 0 0 0.2631579 0.7368421 
100111010 1 0 0 0.1111111 0.1111111 0.7777778 0 1 0 
100111011 1 0 0 0.1819076 0.4090462 0.4090462 0 0.5 0.5 
101110010 0.2631579 0 0.7368421 0.6923077 0.3076923 0 0 1 0 
101110011 0.5 0 0.5 0.5 0.5 0 0 0.5 0.5 
101111010 0.5 0 0.5 0.4090462 0.1819076 0.4090462 0 1 0 
101111011 0.6179775 0 0.3820225 0.3819444 0.3819444 0.2361111 0 0.6179775 0.3820225 
110100000 0.1695332 0.7346437 0.0958231 0.779661 0 0.220339 0 0 1 
110100001 0.1666667 0.8333333 0 1 0 0 0 0 1 
110101000 0.3333333 0.6666667 0 0.3333333 0 0.6666667 0 0 0 
110101001 0.2631579 0.7368421 0 0.6923077 0 0.3076923 0 0 1 
111100000 0.04761905 0.4761905 0.4761905 1 0 0 0 0 0 
111100001 0.1111111 0.7777778 0.1111111 1 0 0 0 0 1 
111101000 0.1904762 0.6190476 0.1904762 0.5 0 0.5 0 0 0 
111101001 0.1992748 0.7410531 0.05967212 0.7695585 0 0.2304415 0 0 1 
110100010 0.3333333 0.3333333 0.3333333 0.6666667 0 0.3333333 0 0.6666667 0.3333333 
110100011 0.3076923 0.6923077 0 1 0 0 0 0.2631579 0.7368421 
110101010 0.6923077 0.3076923 0 0.2631579 0 0.7368421 0 1 0 
110101011 0.5 0.5 0 0.5 0 0.5 0 0.5 0.5 
111100010 0.1111111 0.1111111 0.7777778 1 0 0 0 1 0 
111100011 0.1819076 0.4090462 0.4090462 1 0 0 0 0.5 0.5 
111101010 0.4090462 0.1819076 0.4090462 0.5 0 0.5 0 1 0 
111101011 0.3819444 0.3819444 0.2361111 0.6179775 0 0.3820225 0 0.6179775 0.3820225 
110110000 0.4285714 0.4285714 0.1428571 0.4285714 0.4285714 0.1428571 0 0 1 
110110001 0.5 0.5 0 0.5 0.5 0 0 0 1 
110111000 0.5 0.5 0 0.1904762 0.1904762 0.6190476 0 0 0 
110111001 0.5 0.5 0 0.4090462 0.4090462 0.1819076 0 0 1 
111110000 0.1904762 0.1904762 0.6190476 0.5 0.5 0 0 0 0 
111110001 0.4090462 0.4090462 0.1819076 0.5 0.5 0 0 0 1 
111111000 0.3333333 0.3333333 0.3333333 0.3333333 0.3333333 0.3333333 0 0 0 
111111001 0.4444444 0.4444444 0.1111111 0.4444444 0.4444444 0.1111111 0 0 1 
110110010 0.4899935 0.2130407 0.2969658 0.4899935 0.2130407 0.2969658 0 0.5892857 0.4107143 
110110011 0.5675676 0.4324324 0 0.5675676 0.4324324 0 0 0.1923077 0.8076923 
110111010 0.7695585 0.2304415 0 0.1992748 0.05967212 0.7410531 0 1 0 
110111011 0.6179775 0.3820225 0 0.3819444 0.2361111 0.3819444 0 0.3820225 0.6179775 
111110010 0.1992748 0.05967212 0.7410531 0.7695585 0.2304415 0 0 1 0 
111110011 0.3819444 0.2361111 0.3819444 0.6179775 0.3820225 0 0 0.3820225 0.6179775 
111111010 0.4444444 0.1111111 0.4444444 0.4444444 0.1111111 0.4444444 0 1 0 
111111011 0.4920635 0.2539683 0.2539683 0.4920635 0.2539683 0.2539683 0 0.5 0.5 
100100100 0.3333333 0.3333333 0.3333333 0.3333333 0.3333333 0.3333333 0.3333333 0.3333333 0.3333333 
100100101 0.5253456 0.4746544 0 0.5253456 0.4746544 0 0.08216485 0.1484733 0.7693618 
100101100 0.5253456 0.4746544 0 0.08216485 0.1484733 0.7693618 0.5253456 0.4746544 0 
100101101 0.5892857 0.4107143 0 0.2130407 0.2969658 0.4899935 0.2130407 0.2969658 0.4899935 
101100100 0.08216485 0.1484733 0.7693618 0.5253456 0.4746544 0 0.5253456 0.4746544 0 
101100101 0.2130407 0.2969658 0.4899935 0.5892857 0.4107143 0 0.2130407 0.2969658 0.4899935 
101101100 0.2130407 0.2969658 0.4899935 0.2130407 0.2969658 0.4899935 0.5892857 0.4107143 0 
101101101 0.3333333 0.3333333 0.3333333 0.3333333 0.3333333 0.3333333 0.3333333 0.3333333 0.3333333 
100100110 0.5253456 0 0.4746544 0.5253456 0 0.4746544 0.08216485 0.7693618 0.1484733 
100100111 1 0 0 1 0 0 0.01587302 0.4920635 0.4920635 
100101110 1 0 0 0.125 0 0.875 0.125 0.875 0 
100101111 1 0 0 0.2304415 0 0.7695585 0.05967212 0.7410531 0.1992748 
101100110 0.125 0 0.875 1 0 0 0.125 0.875 0 
101100111 0.2304415 0 0.7695585 1 0 0 0.05967212 0.7410531 0.1992748 
101101110 0.4324324 0 0.5675676 0.4324324 0 0.5675676 0.1923077 0.8076923 0 
101101111 0.5 0 0.5 0.5 0 0.5 0.1111111 0.7777778 0.1111111 
100110100 0.5253456 0 0.4746544 0.08216485 0.7693618 0.1484733 0.5253456 0 0.4746544 
100110101 1 0 0 0.125 0.875 0 0.125 0 0.875 
100111100 1 0 0 0.01587302 0.4920635 0.4920635 1 0 0 
100111101 1 0 0 0.05967212 0.7410531 0.1992748 0.2304415 0 0.7695585 
101110100 0.125 0 0.875 0.125 0.875 0 1 0 0 
101110101 0.4324324 0 0.5675676 0.1923077 0.8076923 0 0.4324324 0 0.5675676 
101111100 0.2304415 0 0.7695585 0.05967212 0.7410531 0.1992748 1 0 0 
101111101 0.5 0 0.5 0.1111111 0.7777778 0.1111111 0.5 0 0.5 
100110110 0.5892857 0 0.4107143 0.2130407 0.4899935 0.2969658 0.2130407 0.4899935 0.2969658 
100110111 1 0 0 0.2304415 0.7695585 0 0.05967212 0.1992748 0.7410531 
100111110 1 0 0 0.05967212 0.1992748 0.7410531 0.2304415 0.7695585 0 
100111111 1 0 0 0.1111111 0.4444444 0.4444444 0.1111111 0.4444444 0.4444444 
101110110 0.1923077 0 0.8076923 0.4324324 0.5675676 0 0.4324324 0.5675676 0 
101110111 0.3820225 0 0.6179775 0.3820225 0.6179775 0 0.2361111 0.3819444 0.3819444 
101111110 0.3820225 0 0.6179775 0.2361111 0.3819444 0.3819444 0.3820225 0.6179775 0 
101111111 0.5 0 0.5 0.2539683 0.4920635 0.2539683 0.2539683 0.4920635 0.2539683 
110100100 0.08216485 0.7693618 0.1484733 0.5253456 0 0.4746544 0.5253456 0 0.4746544 
110100101 0.125 0.875 0 1 0 0 0.125 0 0.875 
110101100 0.125 0.875 0 0.125 0 0.875 1 0 0 
110101101 0.1923077 0.8076923 0 0.4324324 0 0.5675676 0.4324324 0 0.5675676 
111100100 0.01587302 0.4920635 0.4920635 1 0 0 1 0 0 
111100101 0.05967212 0.7410531 0.1992748 1 0 0 0.2304415 0 0.7695585 
111101100 0.05967212 0.7410531 0.1992748 0.2304415 0 0.7695585 1 0 0 
111101101 0.1111111 0.7777778 0.1111111 0.5 0 0.5 0.5 0 0.5 
110100110 0.2130407 0.4899935 0.2969658 0.5892857 0 0.4107143 0.2130407 0.4899935 0.2969658 
110100111 0.2304415 0.7695585 0 1 0 0 0.05967212 0.1992748 0.7410531 
110101110 0.4324324 0.5675676 0 0.1923077 0 0.8076923 0.4324324 0.5675676 0 
110101111 0.3820225 0.6179775 0 0.3820225 0 0.6179775 0.2361111 0.3819444 0.3819444 
111100110 0.05967212 0.1992748 0.7410531 1 0 0 0.2304415 0.7695585 0 
111100111 0.1111111 0.4444444 0.4444444 1 0 0 0.1111111 0.4444444 0.4444444 
111101110 0.2361111 0.3819444 0.3819444 0.3820225 0 0.6179775 0.3820225 0.6179775 0 
111101111 0.2539683 0.4920635 0.2539683 0.5 0 0.5 0.2539683 0.4920635 0.2539683 
110110100 0.2130407 0.4899935 0.2969658 0.2130407 0.4899935 0.2969658 0.5892857 0 0.4107143 
110110101 0.4324324 0.5675676 0 0.4324324 0.5675676 0 0.1923077 0 0.8076923 
110111100 0.2304415 0.7695585 0 0.05967212 0.1992748 0.7410531 1 0 0 
110111101 0.3820225 0.6179775 0 0.2361111 0.3819444 0.3819444 0.3820225 0 0.6179775 
111110100 0.05967212 0.1992748 0.7410531 0.2304415 0.7695585 0 1 0 0 
111110101 0.2361111 0.3819444 0.3819444 0.3820225 0.6179775 0 0.3820225 0 0.6179775 
111111100 0.1111111 0.4444444 0.4444444 0.1111111 0.4444444 0.4444444 1 0 0 
111111101 0.2539683 0.4920635 0.2539683 0.2539683 0.4920635 0.2539683 0.5 0 0.5 
110110110 0.3333333 0.3333333 0.3333333 0.3333333 0.3333333 0.3333333 0.3333333 0.3333333 0.3333333 
110110111 0.5 0.5 0 0.5 0.5 0 0.1111111 0.1111111 0.7777778 
110111110 0.5 0.5 0 0.1111111 0.1111111 0.7777778 0.5 0.5 0 
110111111 0.5 0.5 0 0.2539683 0.2539683 0.4920635 0.2539683 0.2539683 0.4920635 
111110110 0.1111111 0.1111111 0.7777778 0.5 0.5 0 0.5 0.5 0 
111110111 0.2539683 0.2539683 0.4920635 0.5 0.5 0 0.2539683 0.2539683 0.4920635 
111111110 0.2539683 0.2539683 0.4920635 0.2539683 0.2539683 0.4920635 0.5 0.5 0 
111111111 0.3333333 0.3333333 0.3333333 0.3333333 0.3333333 0.3333333 0.3333333 0.3333333 0.3333333 
