000000000 0 0 0 0 0 0 0 0 0 
000000001 0 0 0 0 0 0 0 0 1 
000001000 0 0 0 0 0 1 0 0 0 
000001001 0 0 0 0 0 1 0 0 1 
001000000 0 0 1 0 0 0 0 0 0 
001000001 0 0 1 0 0 0 0 0 1 
001001000 0 0 1 0 0 1 0 0 0 
001001001 0 0 1 0 0 1 0 0 1 
000000010 0 0 0 0 0 0 0 1 0 
000000011 0 0 0 0 0 0 0 0.5 0.5 
000001010 0 0 0 0 0 1 0 1 0 
000001011 0 0 0 0 0 1 0 0.8 0.2 
001000010 0 0 1 0 0 0 0 1 0 
001000011 0 0 1 0 0 0 0 0.8 0.2 
001001010 0 0 1 0 0 1 0 1 0 
001001011 0 0 1 0 0 1 0 0.9 0.1 
000010000 0 0 0 0 1 0 0 0 0 
000010001 0 0 0 0 1 0 0 0 1 
000011000 0 0 0 0 0.5 0.5 0 0 0 
000011001 0 0 0 0 0.8 0.2 0 0 1 
001010000 0 0 1 0 1 0 0 0 0 
001010001 0 0 1 0 1 0 0 0 1 
001011000 0 0 1 0 0.8 0.2 0 0 0 
001011001 0 0 1 0 0.9 0.1 0 0 1 
000010010 0 0 0 0 1 0 0 1 0 
000010011 0 0 0 0 1 0 0 0.2 0.8 
000011010 0 0 0 0 0.2 0.8 0 1 0 
000011011 0 0 0 0 0.5 0.5 0 0.5 0.5 
001010010 0 0 1 0 1 0 0 1 0 
001010011 0 0 1 0 1 0 0 0.5 0.5 
001011010 0 0 1 0 0.5 0.5 0 1 0 
001011011 0 0 1 0 0.6923077 0.3076923 0 0.6923077 0.3076923 
010000000 0 1 0 0 0 0 0 0 0 
010000001 0 1 0 0 0 0 0 0 1 
010001000 0 1 0 0 0 1 0 0 0 
010001001 0 1 0 0 0 1 0 0 1 
011000000 0 0.5 0.5 0 0 0 0 0 0 
011000001 0 0.8 0.2 0 0 0 0 0 1 
011001000 0 0.8 0.2 0 0 1 0 0 0 
011001001 0 0.9 0.1 0 0 1 0 0 1 
010000010 0 1 0 0 0 0 0 1 0 
010000011 0 1 0 0 0 0 0 0.2 0.8 
010001010 0 1 0 0 0 1 0 1 0 
010001011 0 1 0 0 0 1 0 0.5 0.5 
011000010 0 0.2 0.8 0 0 0 0 1 0 
011000011 0 0.5 0.5 0 0 0 0 0.5 0.5 
011001010 0 0.5 0.5 0 0 1 0 1 0 
011001011 0 0.6923077 0.3076923 0 0 1 0 0.6923077 0.3076923 
010010000 0 1 0 0 1 0 0 0 0 
010010001 0 1 0 0 1 0 0 0 1 
010011000 0 1 0 0 0.2 0.8 0 0 0 
010011001 0 1 0 0 0.5 0.5 0 0 1 
011010000 0 0.2 0.8 0 1 0 0 0 0 
011010001 0 0.5 0.5 0 1 0 0 0 1 
011011000 0 0.5 0.5 0 0.5 0.5 0 0 0 
011011001 0 0.6923077 0.3076923 0 0.6923077 0.3076923 0 0 1 
010010010 0 1 0 0 1 0 0 1 0 
010010011 0 1 0 0 1 0 0 0.1 0.9 
010011010 0 1 0 0 0.1 0.9 0 1 0 
010011011 0 1 0 0 0.3076923 0.6923077 0 0.3076923 0.6923077 
011010010 0 0.1 0.9 0 1 0 0 1 0 
011010011 0 0.3076923 0.6923077 0 1 0 0 0.3076923 0.6923077 
011011010 0 0.3076923 0.6923077 0 0.3076923 0.6923077 0 1 0 
011011011 0 0.5 0.5 0 0.5 0.5 0 0.5 0.5 
000000100 0 0 0 0 0 0 1 0 0 
000000101 0 0 0 0 0 0 0.5 0 0.5 
000001100 0 0 0 0 0 1 1 0 0 
000001101 0 0 0 0 0 1 0.8 0 0.2 
001000100 0 0 1 0 0 0 1 0 0 
001000101 0 0 1 0 0 0 0.8 0 0.2 
001001100 0 0 1 0 0 1 1 0 0 
001001101 0 0 1 0 0 1 0.9 0 0.1 
000000110 0 0 0 0 0 0 0.5 0.5 0 
000000111 0 0 0 0 0 0 0.3333333 0.3333333 0.3333333 
000001110 0 0 0 0 0 1 0.5 0.5 0 
000001111 0 0 0 0 0 1 0.4615385 0.4615385 0.07692308 
001000110 0 0 1 0 0 0 0.5 0.5 0 
001000111 0 0 1 0 0 0 0.4615385 0.4615385 0.07692308 
001001110 0 0 1 0 0 1 0.5 0.5 0 
001001111 0 0 1 0 0 1 0.483871 0.483871 0.03225806 
000010100 0 0 0 0 1 0 1 0 0 
000010101 0 0 0 0 1 0 0.5 0 0.5 
000011100 0 0 0 0 0.5 0.5 1 0 0 
000011101 0 0 0 0 0.6666667 0.3333333 0.6666667 0 0.3333333 
001010100 0 0 1 0 1 0 1 0 0 
001010101 0 0 1 0 1 0 0.8 0 0.2 
001011100 0 0 1 0 0.8 0.2 1 0 0 
001011101 0 0 1 0 0.8571429 0.1428571 0.8571429 0 0.1428571 
000010110 0 0 0 0 1 0 0.8 0.2 0 
000010111 0 0 0 0 1 0 0.4615385 0.07692308 0.4615385 
000011110 0 0 0 0 0.3333333 0.6666667 0.6666667 0.3333333 0 
000011111 0 0 0 0 0.5 0.5 0.6 0.2 0.2 
001010110 0 0 1 0 1 0 0.8 0.2 0 
001010111 0 0 1 0 1 0 0.7142857 0.1428571 0.1428571 
001011110 0 0 1 0 0.6428571 0.3571429 0.7142857 0.2857143 0 
001011111 0 0 1 0 0.7310924 0.2689076 0.7005536 0.218923 0.0805234 
010000100 0 1 0 0 0 0 1 0 0 
010000101 0 1 0 0 0 0 0.5 0 0.5 
010001100 0 1 0 0 0 1 1 0 0 
010001101 0 1 0 0 0 1 0.8 0 0.2 
011000100 0 0.5 0.5 0 0 0 1 0 0 
011000101 0 0.6666667 0.3333333 0 0 0 0.6666667 0 0.3333333 
011001100 0 0.8 0.2 0 0 1 1 0 0 
011001101 0 0.8571429 0.1428571 0 0 1 0.8571429 0 0.1428571 
010000110 0 1 0 0 0 0 0.8 0.2 0 
010000111 0 1 0 0 0 0 0.4615385 0.07692308 0.4615385 
010001110 0 1 0 0 0 1 0.8 0.2 0 
010001111 0 1 0 0 0 1 0.7142857 0.1428571 0.1428571 
011000110 0 0.3333333 0.6666667 0 0 0 0.6666667 0.3333333 0 
011000111 0 0.5 0.5 0 0 0 0.6 0.2 0.2 
011001110 0 0.6428571 0.3571429 0 0 1 0.7142857 0.2857143 0 
011001111 0 0.7310924 0.2689076 0 0 1 0.7005536 0.218923 0.0805234 
010010100 0 1 0 0 1 0 1 0 0 
010010101 0 1 0 0 1 0 0.5 0 0.5 
010011100 0 1 0 0 0.2 0.8 1 0 0 
010011101 0 1 0 0 0.3571429 0.6428571 0.7142857 0 0.2857143 
011010100 0 0.2 0.8 0 1 0 1 0 0 
011010101 0 0.3571429 0.6428571 0 1 0 0.7142857 0 0.2857143 
011011100 0 0.5 0.5 0 0.5 0.5 1 0 0 
011011101 0 0.5675676 0.4324324 0 0.5675676 0.4324324 0.8076923 0 0.1923077 
010010110 0 1 0 0 1 0 0.9 0.1 0 
010010111 0 1 0 0 1 0 0.483871 0.03225806 0.483871 
010011110 0 1 0 0 0.1428571 0.8571429 0.8571429 0.1428571 0 
010011111 0 1 0 0 0.2689076 0.7310924 0.7005536 0.0805234 0.218923 
011010110 0 0.1428571 0.8571429 0 1 0 0.8571429 0.1428571 0 
011010111 0 0.2689076 0.7310924 0 1 0 0.7005536 0.0805234 0.218923 
011011110 0 0.4324324 0.5675676 0 0.4324324 0.5675676 0.8076923 0.1923077 0 
011011111 0 0.5 0.5 0 0.5 0.5 0.75 0.125 0.125 
000100000 0 0 0 1 0 0 0 0 0 
000100001 0 0 0 1 0 0 0 0 1 
000101000 0 0 0 0.5 0 0.5 0 0 0 
000101001 0 0 0 0.8 0 0.2 0 0 1 
001100000 0 0 1 1 0 0 0 0 0 
001100001 0 0 1 1 0 0 0 0 1 
001101000 0 0 1 0.8 0 0.2 0 0 0 
001101001 0 0 1 0.9 0 0.1 0 0 1 
000100010 0 0 0 1 0 0 0 1 0 
000100011 0 0 0 1 0 0 0 0.5 0.5 
000101010 0 0 0 0.5 0 0.5 0 1 0 
000101011 0 0 0 0.6666667 0 0.3333333 0 0.6666667 0.3333333 
001100010 0 0 1 1 0 0 0 1 0 
001100011 0 0 1 1 0 0 0 0.8 0.2 
001101010 0 0 1 0.8 0 0.2 0 1 0 
001101011 0 0 1 0.8571429 0 0.1428571 0 0.8571429 0.1428571 
000110000 0 0 0 0.5 0.5 0 0 0 0 
000110001 0 0 0 0.5 0.5 0 0 0 1 
000111000 0 0 0 0.3333333 0.3333333 0.3333333 0 0 0 
000111001 0 0 0 0.4615385 0.4615385 0.07692308 0 0 1 
001110000 0 0 1 0.5 0.5 0 0 0 0 
001110001 0 0 1 0.5 0.5 0 0 0 1 
001111000 0 0 1 0.4615385 0.4615385 0.07692308 0 0 0 
001111001 0 0 1 0.483871 0.483871 0.03225806 0 0 1 
000110010 0 0 0 0.8 0.2 0 0 1 0 
000110011 0 0 0 0.6666667 0.3333333 0 0 0.3333333 0.6666667 
000111010 0 0 0 0.4615385 0.07692308 0.4615385 0 1 0 
000111011 0 0 0 0.6 0.2 0.2 0 0.5 0.5 
001110010 0 0 1 0.8 0.2 0 0 1 0 
001110011 0 0 1 0.7142857 0.2857143 0 0 0.6428571 0.3571429 
001111010 0 0 1 0.7142857 0.1428571 0.1428571 0 1 0 
001111011 0 0 1 0.7005536 0.218923 0.0805234 0 0.7310924 0.2689076 
010100000 0 1 0 1 0 0 0 0 0 
010100001 0 1 0 1 0 0 0 0 1 
010101000 0 1 0 0.5 0 0.5 0 0 0 
010101001 0 1 0 0.8 0 0.2 0 0 1 
011100000 0 0.5 0.5 1 0 0 0 0 0 
011100001 0 0.8 0.2 1 0 0 0 0 1 
011101000 0 0.6666667 0.3333333 0.6666667 0 0.3333333 0 0 0 
011101001 0 0.8571429 0.1428571 0.8571429 0 0.1428571 0 0 1 
010100010 0 1 0 1 0 0 0 1 0 
010100011 0 1 0 1 0 0 0 0.2 0.8 
010101010 0 1 0 0.5 0 0.5 0 1 0 
010101011 0 1 0 0.7142857 0 0.2857143 0 0.3571429 0.6428571 
011100010 0 0.2 0.8 1 0 0 0 1 0 
011100011 0 0.5 0.5 1 0 0 0 0.5 0.5 
011101010 0 0.3571429 0.6428571 0.7142857 0 0.2857143 0 1 0 
011101011 0 0.5675676 0.4324324 0.8076923 0 0.1923077 0 0.5675676 0.4324324 
010110000 0 1 0 0.8 0.2 0 0 0 0 
010110001 0 1 0 0.8 0.2 0 0 0 1 
010111000 0 1 0 0.4615385 0.07692308 0.4615385 0 0 0 
010111001 0 1 0 0.7142857 0.1428571 0.1428571 0 0 1 
011110000 0 0.3333333 0.6666667 0.6666667 0.3333333 0 0 0 0 
011110001 0 0.6428571 0.3571429 0.7142857 0.2857143 0 0 0 1 
011111000 0 0.5 0.5 0.6 0.2 0.2 0 0 0 
011111001 0 0.7310924 0.2689076 0.7005536 0.218923 0.0805234 0 0 1 
010110010 0 1 0 0.9 0.1 0 0 1 0 
010110011 0 1 0 0.8571429 0.1428571 0 0 0.1428571 0.8571429 
010111010 0 1 0 0.483871 0.03225806 0.483871 0 1 0 
010111011 0 1 0 0.7005536 0.0805234 0.218923 0 0.2689076 0.7310924 
011110010 0 0.1428571 0.8571429 0.8571429 0.1428571 0 0 1 0 
011110011 0 0.4324324 0.5675676 0.8076923 0.1923077 0 0 0.4324324 0.5675676 
011111010 0 0.2689076 0.7310924 0.7005536 0.0805234 0.218923 0 1 0 
011111011 0 0.5 0.5 0.75 0.125 0.125 0 0.5 0.5 
000100100 0 0 0 1 0 0 1 0 0 
000100101 0 0 0 1 0 0 0.2 0 0.8 
000101100 0 0 0 0.2 0 0.8 1 0 0 
000101101 0 0 0 0.5 0 0.5 0.5 0 0.5 
001100100 0 0 1 1 0 0 1 0 0 
001100101 0 0 1 1 0 0 0.5 0 0.5 
001101100 0 0 1 0.5 0 0.5 1 0 0 
001101101 0 0 1 0.6923077 0 0.3076923 0.6923077 0 0.3076923 
000100110 0 0 0 1 0 0 0.2 0.8 0 
000100111 0 0 0 1 0 0 0.07692308 0.4615385 0.4615385 
000101110 0 0 0 0.3333333 0 0.6666667 0.3333333 0.6666667 0 
000101111 0 0 0 0.5 0 0.5 0.2 0.6 0.2 
001100110 0 0 1 1 0 0 0.2 0.8 0 
001100111 0 0 1 1 0 0 0.1428571 0.7142857 0.1428571 
001101110 0 0 1 0.6428571 0 0.3571429 0.2857143 0.7142857 0 
001101111 0 0 1 0.7310924 0 0.2689076 0.218923 0.7005536 0.0805234 
000110100 0 0 0 0.2 0.8 0 1 0 0 
000110101 0 0 0 0.3333333 0.6666667 0 0.3333333 0 0.6666667 
000111100 0 0 0 0.07692308 0.4615385 0.4615385 1 0 0 
000111101 0 0 0 0.2 0.6 0.2 0.5 0 0.5 
001110100 0 0 1 0.2 0.8 0 1 0 0 
001110101 0 0 1 0.2857143 0.7142857 0 0.6428571 0 0.3571429 
001111100 0 0 1 0.1428571 0.7142857 0.1428571 1 0 0 
001111101 0 0 1 0.218923 0.7005536 0.0805234 0.7310924 0 0.2689076 
000110110 0 0 0 0.5 0.5 0 0.5 0.5 0 
000110111 0 0 0 0.5 0.5 0 0.2 0.2 0.6 
000111110 0 0 0 0.2 0.2 0.6 0.5 0.5 0 
000111111 0 0 0 0.3333333 0.3333333 0.3333333 0.3333333 0.3333333 0.3333333 
001110110 0 0 1 0.5 0.5 0 0.5 0.5 0 
001110111 0 0 1 0.5 0.5 0 0.3809524 0.3809524 0.2380952 
001111110 0 0 1 0.3809524 0.3809524 0.2380952 0.5 0.5 0 
001111111 0 0 1 0.4285714 0.4285714 0.1428571 0.4285714 0.4285714 0.1428571 
010100100 0 1 0 1 0 0 1 0 0 
010100101 0 1 0 1 0 0 0.2 0 0.8 
010101100 0 1 0 0.2 0 0.8 1 0 0 
010101101 0 1 0 0.5 0 0.5 0.5 0 0.5 
011100100 0 0.5 0.5 1 0 0 1 0 0 
011100101 0 0.7142857 0.2857143 1 0 0 0.3571429 0 0.6428571 
011101100 0 0.7142857 0.2857143 0.3571429 0 0.6428571 1 0 0 
011101101 0 0.8076923 0.1923077 0.5675676 0 0.4324324 0.5675676 0 0.4324324 
010100110 0 1 0 1 0 0 0.5 0.5 0 
010100111 0 1 0 1 0 0 0.1428571 0.1428571 0.7142857 
010101110 0 1 0 0.2857143 0 0.7142857 0.6428571 0.3571429 0 
010101111 0 1 0 0.5 0 0.5 0.3809524 0.2380952 0.3809524 
011100110 0 0.2857143 0.7142857 1 0 0 0.3571429 0.6428571 0 
011100111 0 0.5 0.5 1 0 0 0.2380952 0.3809524 0.3809524 
011101110 0 0.5 0.5 0.5 0 0.5 0.5 0.5 0 
011101111 0 0.6176471 0.3823529 0.6176471 0 0.3823529 0.3818182 0.3818182 0.2363636 
010110100 0 1 0 0.5 0.5 0 1 0 0 
010110101 0 1 0 0.6428571 0.3571429 0 0.2857143 0 0.7142857 
010111100 0 1 0 0.1428571 0.1428571 0.7142857 1 0 0 
010111101 0 1 0 0.3809524 0.2380952 0.3809524 0.5 0 0.5 
011110100 0 0.2857143 0.7142857 0.3571429 0.6428571 0 1 0 0 
011110101 0 0.5 0.5 0.5 0.5 0 0.5 0 0.5 
011111100 0 0.5 0.5 0.2380952 0.3809524 0.3809524 1 0 0 
011111101 0 0.6176471 0.3823529 0.3818182 0.3818182 0.2363636 0.6176471 0 0.3823529 
010110110 0 1 0 0.6923077 0.3076923 0 0.6923077 0.3076923 0 
010110111 0 1 0 0.7310924 0.2689076 0 0.218923 0.0805234 0.7005536 
010111110 0 1 0 0.218923 0.0805234 0.7005536 0.7310924 0.2689076 0 
010111111 0 1 0 0.4285714 0.1428571 0.4285714 0.4285714 0.1428571 0.4285714 
011110110 0 0.1923077 0.8076923 0.5675676 0.4324324 0 0.5675676 0.4324324 0 
011110111 0 0.3823529 0.6176471 0.6176471 0.3823529 0 0.3818182 0.2363636 0.3818182 
011111110 0 0.3823529 0.6176471 0.3818182 0.2363636 0.3818182 0.6176471 0.3823529 0 
011111111 0 0.5 0.5 0.483871 0.2580645 0.2580645 0.483871 0.2580645 0.2580645 
100000000 1 0 0 0 0 0 0 0 0 
100000001 1 0 0 0 0 0 0 0 1 
100001000 1 0 0 0 0 1 0 0 0 
100001001 1 0 0 0 0 1 0 0 1 
101000000 0.5 0 0.5 0 0 0 0 0 0 
101000001 0.8 0 0.2 0 0 0 0 0 1 
101001000 0.8 0 0.2 0 0 1 0 0 0 
101001001 0.9 0 0.1 0 0 1 0 0 1 
100000010 1 0 0 0 0 0 0 1 0 
100000011 1 0 0 0 0 0 0 0.5 0.5 
100001010 1 0 0 0 0 1 0 1 0 
100001011 1 0 0 0 0 1 0 0.8 0.2 
101000010 0.5 0 0.5 0 0 0 0 1 0 
101000011 0.6666667 0 0.3333333 0 0 0 0 0.6666667 0.3333333 
101001010 0.8 0 0.2 0 0 1 0 1 0 
101001011 0.8571429 0 0.1428571 0 0 1 0 0.8571429 0.1428571 
100010000 1 0 0 0 1 0 0 0 0 
100010001 1 0 0 0 1 0 0 0 1 
100011000 1 0 0 0 0.5 0.5 0 0 0 
100011001 1 0 0 0 0.8 0.2 0 0 1 
101010000 0.5 0 0.5 0 1 0 0 0 0 
101010001 0.8 0 0.2 0 1 0 0 0 1 
101011000 0.6666667 0 0.3333333 0 0.6666667 0.3333333 0 0 0 
101011001 0.8571429 0 0.1428571 0 0.8571429 0.1428571 0 0 1 
100010010 1 0 0 0 1 0 0 1 0 
100010011 1 0 0 0 1 0 0 0.2 0.8 
100011010 1 0 0 0 0.2 0.8 0 1 0 
100011011 1 0 0 0 0.5 0.5 0 0.5 0.5 
101010010 0.5 0 0.5 0 1 0 0 1 0 
101010011 0.7142857 0 0.2857143 0 1 0 0 0.3571429 0.6428571 
101011010 0.7142857 0 0.2857143 0 0.3571429 0.6428571 0 1 0 
101011011 0.8076923 0 0.1923077 0 0.5675676 0.4324324 0 0.5675676 0.4324324 
110000000 0.5 0.5 0 0 0 0 0 0 0 
110000001 0.5 0.5 0 0 0 0 0 0 1 
110001000 0.5 0.5 0 0 0 1 0 0 0 
110001001 0.5 0.5 0 0 0 1 0 0 1 
111000000 0.3333333 0.3333333 0.3333333 0 0 0 0 0 0 
111000001 0.4615385 0.4615385 0.07692308 0 0 0 0 0 1 
111001000 0.4615385 0.4615385 0.07692308 0 0 1 0 0 0 
111001001 0.483871 0.483871 0.03225806 0 0 1 0 0 1 
110000010 0.8 0.2 0 0 0 0 0 1 0 
110000011 0.6666667 0.3333333 0 0 0 0 0 0.3333333 0.6666667 
110001010 0.8 0.2 0 0 0 1 0 1 0 
110001011 0.7142857 0.2857143 0 0 0 1 0 0.6428571 0.3571429 
111000010 0.4615385 0.07692308 0.4615385 0 0 0 0 1 0 
111000011 0.6 0.2 0.2 0 0 0 0 0.5 0.5 
111001010 0.7142857 0.1428571 0.1428571 0 0 1 0 1 0 
111001011 0.7005536 0.218923 0.0805234 0 0 1 0 0.7310924 0.2689076 
110010000 0.8 0.2 0 0 1 0 0 0 0 
110010001 0.8 0.2 0 0 1 0 0 0 1 
110011000 0.6666667 0.3333333 0 0 0.3333333 0.6666667 0 0 0 
110011001 0.7142857 0.2857143 0 0 0.6428571 0.3571429 0 0 1 
111010000 0.4615385 0.07692308 0.4615385 0 1 0 0 0 0 
111010001 0.7142857 0.1428571 0.1428571 0 1 0 0 0 1 
111011000 0.6 0.2 0.2 0 0.5 0.5 0 0 0 
111011001 0.7005536 0.218923 0.0805234 0 0.7310924 0.2689076 0 0 1 
110010010 0.9 0.1 0 0 1 0 0 1 0 
110010011 0.8571429 0.1428571 0 0 1 0 0 0.1428571 0.8571429 
110011010 0.8571429 0.1428571 0 0 0.1428571 0.8571429 0 1 0 
110011011 0.8076923 0.1923077 0 0 0.4324324 0.5675676 0 0.4324324 0.5675676 
111010010 0.483871 0.03225806 0.483871 0 1 0 0 1 0 
111010011 0.7005536 0.0805234 0.218923 0 1 0 0 0.2689076 0.7310924 
111011010 0.7005536 0.0805234 0.218923 0 0.2689076 0.7310924 0 1 0 
111011011 0.75 0.125 0.125 0 0.5 0.5 0 0.5 0.5 
100000100 1 0 0 0 0 0 1 0 0 
100000101 1 0 0 0 0 0 0.2 0 0.8 
100001100 1 0 0 0 0 1 1 0 0 
100001101 1 0 0 0 0 1 0.5 0 0.5 
101000100 0.2 0 0.8 0 0 0 1 0 0 
101000101 0.5 0 0.5 0 0 0 0.5 0 0.5 
101001100 0.5 0 0.5 0 0 1 1 0 0 
101001101 0.6923077 0 0.3076923 0 0 1 0.6923077 0 0.3076923 
100000110 1 0 0 0 0 0 0.2 0.8 0 
100000111 1 0 0 0 0 0 0.07692308 0.4615385 0.4615385 
100001110 1 0 0 0 0 1 0.2 0.8 0 
100001111 1 0 0 0 0 1 0.1428571 0.7142857 0.1428571 
101000110 0.3333333 0 0.6666667 0 0 0 0.3333333 0.6666667 0 
101000111 0.5 0 0.5 0 0 0 0.2 0.6 0.2 
101001110 0.6428571 0 0.3571429 0 0 1 0.2857143 0.7142857 0 
101001111 0.7310924 0 0.2689076 0 0 1 0.218923 0.7005536 0.0805234 
100010100 1 0 0 0 1 0 1 0 0 
100010101 1 0 0 0 1 0 0.2 0 0.8 
100011100 1 0 0 0 0.5 0.5 1 0 0 
100011101 1 0 0 0 0.7142857 0.2857143 0.3571429 0 0.6428571 
101010100 0.2 0 0.8 0 1 0 1 0 0 
101010101 0.5 0 0.5 0 1 0 0.5 0 0.5 
101011100 0.3571429 0 0.6428571 0 0.7142857 0.2857143 1 0 0 
101011101 0.5675676 0 0.4324324 0 0.8076923 0.1923077 0.5675676 0 0.4324324 
100010110 1 0 0 0 1 0 0.5 0.5 0 
100010111 1 0 0 0 1 0 0.1428571 0.1428571 0.7142857 
100011110 1 0 0 0 0.2857143 0.7142857 0.3571429 0.6428571 0 
100011111 1 0 0 0 0.5 0.5 0.2380952 0.3809524 0.3809524 
101010110 0.2857143 0 0.7142857 0 1 0 0.6428571 0.3571429 0 
101010111 0.5 0 0.5 0 1 0 0.3809524 0.2380952 0.3809524 
101011110 0.5 0 0.5 0 0.5 0.5 0.5 0.5 0 
101011111 0.6176471 0 0.3823529 0 0.6176471 0.3823529 0.3818182 0.3818182 0.2363636 
110000100 0.2 0.8 0 0 0 0 1 0 0 
110000101 0.3333333 0.6666667 0 0 0 0 0.3333333 0 0.6666667 
110001100 0.2 0.8 0 0 0 1 1 0 0 
110001101 0.2857143 0.7142857 0 0 0 1 0.6428571 0 0.3571429 
111000100 0.07692308 0.4615385 0.4615385 0 0 0 1 0 0 
111000101 0.2 0.6 0.2 0 0 0 0.5 0 0.5 
111001100 0.1428571 0.7142857 0.1428571 0 0 1 1 0 0 
111001101 0.218923 0.7005536 0.0805234 0 0 1 0.7310924 0 0.2689076 
110000110 0.5 0.5 0 0 0 0 0.5 0.5 0 
110000111 0.5 0.5 0 0 0 0 0.2 0.2 0.6 
110001110 0.5 0.5 0 0 0 1 0.5 0.5 0 
110001111 0.5 0.5 0 0 0 1 0.3809524 0.3809524 0.2380952 
111000110 0.2 0.2 0.6 0 0 0 0.5 0.5 0 
111000111 0.3333333 0.3333333 0.3333333 0 0 0 0.3333333 0.3333333 0.3333333 
111001110 0.3809524 0.3809524 0.2380952 0 0 1 0.5 0.5 0 
111001111 0.4285714 0.4285714 0.1428571 0 0 1 0.4285714 0.4285714 0.1428571 
110010100 0.5 0.5 0 0 1 0 1 0 0 
110010101 0.6428571 0.3571429 0 0 1 0 0.2857143 0 0.7142857 
110011100 0.3571429 0.6428571 0 0 0.2857143 0.7142857 1 0 0 
110011101 0.5 0.5 0 0 0.5 0.5 0.5 0 0.5 
111010100 0.1428571 0.1428571 0.7142857 0 1 0 1 0 0 
111010101 0.3809524 0.2380952 0.3809524 0 1 0 0.5 0 0.5 
111011100 0.2380952 0.3809524 0.3809524 0 0.5 0.5 1 0 0 
111011101 0.3818182 0.3818182 0.2363636 0 0.6176471 0.3823529 0.6176471 0 0.3823529 
110010110 0.6923077 0.3076923 0 0 1 0 0.6923077 0.3076923 0 
110010111 0.7310924 0.2689076 0 0 1 0 0.218923 0.0805234 0.7005536 
110011110 0.5675676 0.4324324 0 0 0.1923077 0.8076923 0.5675676 0.4324324 0 
110011111 0.6176471 0.3823529 0 0 0.3823529 0.6176471 0.3818182 0.2363636 0.3818182 
111010110 0.218923 0.0805234 0.7005536 0 1 0 0.7310924 0.2689076 0 
111010111 0.4285714 0.1428571 0.4285714 0 1 0 0.4285714 0.1428571 0.4285714 
111011110 0.3818182 0.2363636 0.3818182 0 0.3823529 0.6176471 0.6176471 0.3823529 0 
111011111 0.483871 0.2580645 0.2580645 0 0.5 0.5 0.483871 0.2580645 0.2580645 
100100000 1 0 0 1 0 0 0 0 0 
100100001 1 0 0 1 0 0 0 0 1 
100101000 1 0 0 0.2 0 0.8 0 0 0 
100101001 1 0 0 0.5 0 0.5 0 0 1 
101100000 0.2 0 0.8 1 0 0 0 0 0 
101100001 0.5 0 0.5 1 0 0 0 0 1 
101101000 0.5 0 0.5 0.5 0 0.5 0 0 0 
101101001 0.6923077 0 0.3076923 0.6923077 0 0.3076923 0 0 1 
100100010 1 0 0 1 0 0 0 1 0 
100100011 1 0 0 1 0 0 0 0.5 0.5 
100101010 1 0 0 0.2 0 0.8 0 1 0 
100101011 1 0 0 0.3571429 0 0.6428571 0 0.7142857 0.2857143 
101100010 0.2 0 0.8 1 0 0 0 1 0 
101100011 0.3571429 0 0.6428571 1 0 0 0 0.7142857 0.2857143 
101101010 0.5 0 0.5 0.5 0 0.5 0 1 0 
101101011 0.5675676 0 0.4324324 0.5675676 0 0.4324324 0 0.8076923 0.1923077 
100110000 1 0 0 0.2 0.8 0 0 0 0 
100110001 1 0 0 0.2 0.8 0 0 0 1 
100111000 1 0 0 0.07692308 0.4615385 0.4615385 0 0 0 
100111001 1 0 0 0.1428571 0.7142857 0.1428571 0 0 1 
101110000 0.3333333 0 0.6666667 0.3333333 0.6666667 0 0 0 0 
101110001 0.6428571 0 0.3571429 0.2857143 0.7142857 0 0 0 1 
101111000 0.5 0 0.5 0.2 0.6 0.2 0 0 0 
101111001 0.7310924 0 0.2689076 0.218923 0.7005536 0.0805234 0 0 1 
100110010 1 0 0 0.5 0.5 0 0 1 0 
100110011 1 0 0 0.3571429 0.6428571 0 0 0.2857143 0.7142857 
100111010 1 0 0 0.1428571 0.1428571 0.7142857 0 1 0 
100111011 1 0 0 0.2380952 0.3809524 0.3809524 0 0.5 0.5 
101110010 0.2857143 0 0.7142857 0.6428571 0.3571429 0 0 1 0 
101110011 0.5 0 0.5 0.5 0.5 0 0 0.5 0.5 
101111010 0.5 0 0.5 0.3809524 0.2380952 0.3809524 0 1 0 
101111011 0.6176471 0 0.3823529 0.3818182 0.3818182 0.2363636 0 0.6176471 0.3823529 
110100000 0.2 0.8 0 1 0 0 0 0 0 
110100001 0.2 0.8 0 1 0 0 0 0 1 
110101000 0.3333333 0.6666667 0 0.3333333 0 0.6666667 0 0 0 
110101001 0.2857143 0.7142857 0 0.6428571 0 0.3571429 0 0 1 
111100000 0.07692308 0.4615385 0.4615385 1 0 0 0 0 0 
111100001 0.1428571 0.7142857 0.1428571 1 0 0 0 0 1 
111101000 0.2 0.6 0.2 0.5 0 0.5 0 0 0 
111101001 0.218923 0.7005536 0.0805234 0.7310924 0 0.2689076 0 0 1 
110100010 0.5 0.5 0 1 0 0 0 1 0 
110100011 0.3571429 0.6428571 0 1 0 0 0 0.2857143 0.7142857 
110101010 0.6428571 0.3571429 0 0.2857143 0 0.7142857 0 1 0 
110101011 0.5 0.5 0 0.5 0 0.5 0 0.5 0.5 
111100010 0.1428571 0.1428571 0.7142857 1 0 0 0 1 0 
111100011 0.2380952 0.3809524 0.3809524 1 0 0 0 0.5 0.5 
111101010 0.3809524 0.2380952 0.3809524 0.5 0 0.5 0 1 0 
111101011 0.3818182 0.3818182 0.2363636 0.6176471 0 0.3823529 0 0.6176471 0.3823529 
110110000 0.5 0.5 0 0.5 0.5 0 0 0 0 
110110001 0.5 0.5 0 0.5 0.5 0 0 0 1 
110111000 0.5 0.5 0 0.2 0.2 0.6 0 0 0 
110111001 0.5 0.5 0 0.3809524 0.3809524 0.2380952 0 0 1 
111110000 0.2 0.2 0.6 0.5 0.5 0 0 0 0 
111110001 0.3809524 0.3809524 0.2380952 0.5 0.5 0 0 0 1 
111111000 0.3333333 0.3333333 0.3333333 0.3333333 0.3333333 0.3333333 0 0 0 
111111001 0.4285714 0.4285714 0.1428571 0.4285714 0.4285714 0.1428571 0 0 1 
110110010 0.6923077 0.3076923 0 0.6923077 0.3076923 0 0 1 0 
110110011 0.5675676 0.4324324 0 0.5675676 0.4324324 0 0 0.1923077 0.8076923 
110111010 0.7310924 0.2689076 0 0.218923 0.0805234 0.7005536 0 1 0 
110111011 0.6176471 0.3823529 0 0.3818182 0.2363636 0.3818182 0 0.3823529 0.6176471 
111110010 0.218923 0.0805234 0.7005536 0.7310924 0.2689076 0 0 1 0 
111110011 0.3818182 0.2363636 0.3818182 0.6176471 0.3823529 0 0 0.3823529 0.6176471 
111111010 0.4285714 0.1428571 0.4285714 0.4285714 0.1428571 0.4285714 0 1 0 
111111011 0.483871 0.2580645 0.2580645 0.483871 0.2580645 0.2580645 0 0.5 0.5 
100100100 1 0 0 1 0 0 1 0 0 
100100101 1 0 0 1 0 0 0.1 0 0.9 
100101100 1 0 0 0.1 0 0.9 1 0 0 
100101101 1 0 0 0.3076923 0 0.6923077 0.3076923 0 0.6923077 
101100100 0.1 0 0.9 1 0 0 1 0 0 
101100101 0.3076923 0 0.6923077 1 0 0 0.3076923 0 0.6923077 
101101100 0.3076923 0 0.6923077 0.3076923 0 0.6923077 1 0 0 
101101101 0.5 0 0.5 0.5 0 0.5 0.5 0 0.5 
100100110 1 0 0 1 0 0 0.1 0.9 0 
100100111 1 0 0 1 0 0 0.03225806 0.483871 0.483871 
100101110 1 0 0 0.1428571 0 0.8571429 0.1428571 0.8571429 0 
100101111 1 0 0 0.2689076 0 0.7310924 0.0805234 0.7005536 0.218923 
101100110 0.1428571 0 0.8571429 1 0 0 0.1428571 0.8571429 0 
101100111 0.2689076 0 0.7310924 1 0 0 0.0805234 0.7005536 0.218923 
101101110 0.4324324 0 0.5675676 0.4324324 0 0.5675676 0.1923077 0.8076923 0 
101101111 0.5 0 0.5 0.5 0 0.5 0.125 0.75 0.125 
100110100 1 0 0 0.1 0.9 0 1 0 0 
100110101 1 0 0 0.1428571 0.8571429 0 0.1428571 0 0.8571429 
100111100 1 0 0 0.03225806 0.483871 0.483871 1 0 0 
100111101 1 0 0 0.0805234 0.7005536 0.218923 0.2689076 0 0.7310924 
101110100 0.1428571 0 0.8571429 0.1428571 0.8571429 0 1 0 0 
101110101 0.4324324 0 0.5675676 0.1923077 0.8076923 0 0.4324324 0 0.5675676 
101111100 0.2689076 0 0.7310924 0.0805234 0.7005536 0.218923 1 0 0 
101111101 0.5 0 0.5 0.125 0.75 0.125 0.5 0 0.5 
100110110 1 0 0 0.3076923 0.6923077 0 0.3076923 0.6923077 0 
100110111 1 0 0 0.2689076 0.7310924 0 0.0805234 0.218923 0.7005536 
100111110 1 0 0 0.0805234 0.218923 0.7005536 0.2689076 0.7310924 0 
100111111 1 0 0 0.1428571 0.4285714 0.4285714 0.1428571 0.4285714 0.4285714 
101110110 0.1923077 0 0.8076923 0.4324324 0.5675676 0 0.4324324 0.5675676 0 
101110111 0.3823529 0 0.6176471 0.3823529 0.6176471 0 0.2363636 0.3818182 0.3818182 
101111110 0.3823529 0 0.6176471 0.2363636 0.3818182 0.3818182 0.3823529 0.6176471 0 
101111111 0.5 0 0.5 0.2580645 0.483871 0.2580645 0.2580645 0.483871 0.2580645 
110100100 0.1 0.9 0 1 0 0 1 0 0 
110100101 0.1428571 0.8571429 0 1 0 0 0.1428571 0 0.8571429 
110101100 0.1428571 0.8571429 0 0.1428571 0 0.8571429 1 0 0 
110101101 0.1923077 0.8076923 0 0.4324324 0 0.5675676 0.4324324 0 0.5675676 
111100100 0.03225806 0.483871 0.483871 1 0 0 1 0 0 
111100101 0.0805234 0.7005536 0.218923 1 0 0 0.2689076 0 0.7310924 
111101100 0.0805234 0.7005536 0.218923 0.2689076 0 0.7310924 1 0 0 
111101101 0.125 0.75 0.125 0.5 0 0.5 0.5 0 0.5 
110100110 0.3076923 0.6923077 0 1 0 0 0.3076923 0.6923077 0 
110100111 0.2689076 0.7310924 0 1 0 0 0.0805234 0.218923 0.7005536 
110101110 0.4324324 0.5675676 0 0.1923077 0 0.8076923 0.4324324 0.5675676 0 
110101111 0.3823529 0.6176471 0 0.3823529 0 0.6176471 0.2363636 0.3818182 0.3818182 
111100110 0.0805234 0.218923 0.7005536 1 0 0 0.2689076 0.7310924 0 
111100111 0.1428571 0.4285714 0.4285714 1 0 0 0.1428571 0.4285714 0.4285714 
111101110 0.2363636 0.3818182 0.3818182 0.3823529 0 0.6176471 0.3823529 0.6176471 0 
111101111 0.2580645 0.483871 0.2580645 0.5 0 0.5 0.2580645 0.483871 0.2580645 
110110100 0.3076923 0.6923077 0 0.3076923 0.6923077 0 1 0 0 
110110101 0.4324324 0.5675676 0 0.4324324 0.5675676 0 0.1923077 0 0.8076923 
110111100 0.2689076 0.7310924 0 0.0805234 0.218923 0.7005536 1 0 0 
110111101 0.3823529 0.6176471 0 0.2363636 0.3818182 0.3818182 0.3823529 0 0.6176471 
111110100 0.0805234 0.218923 0.7005536 0.2689076 0.7310924 0 1 0 0 
111110101 0.2363636 0.3818182 0.3818182 0.3823529 0.6176471 0 0.3823529 0 0.6176471 
111111100 0.1428571 0.4285714 0.4285714 0.1428571 0.4285714 0.4285714 1 0 0 
111111101 0.2580645 0.483871 0.2580645 0.2580645 0.483871 0.2580645 0.5 0 0.5 
110110110 0.5 0.5 0 0.5 0.5 0 0.5 0.5 0 
110110111 0.5 0.5 0 0.5 0.5 0 0.125 0.125 0.75 
110111110 0.5 0.5 0 0.125 0.125 0.75 0.5 0.5 0 
110111111 0.5 0.5 0 0.2580645 0.2580645 0.483871 0.2580645 0.2580645 0.483871 
111110110 0.125 0.125 0.75 0.5 0.5 0 0.5 0.5 0 
111110111 0.2580645 0.2580645 0.483871 0.5 0.5 0 0.2580645 0.2580645 0.483871 
111111110 0.2580645 0.2580645 0.483871 0.2580645 0.2580645 0.483871 0.5 0.5 0 
111111111 0.3333333 0.3333333 0.3333333 0.3333333 0.3333333 0.3333333 0.3333333 0.3333333 0.3333333 
